Name	Chr	Positon	Log R Ratio	B Allele Frequency
rs3094315	1	742429	-0.160946518879	0.528405295224
rs12562034	1	758311	-0.206495310757	0.490770380484
rs3934834	1	995669	0.070071572736	0.480406567872
rs9442372	1	1008567	0.165299014367	0.456364912093
rs3737728	1	1011278	-0.141741791014	1.00392296472
rs11260588	1	1011521	0.0345378400969	0.95442924042
rs6687776	1	1020428	-0.0124619380603	0.991707444366
rs9651273	1	1021403	0.0580162615162	0.519594776994
rs4970405	1	1038818	-0.0485818764368	0.0210520785995
rs12726255	1	1039813	0.0396180840254	0.01640989536
rs11807848	1	1051029	0.158215642831	0.443308909775
rs9442373	1	1052501	-0.0656666124831	0.449554239098
rs2298217	1	1054842	-0.263451960821	1.027045657
rs12145826	1	1055892	0.146627694436	0.978117708138
rs4970357	1	1066927	0.00113027112427	0.00175108917826
rs9442380	1	1077546	0.0390456885739	0.973629877046
rs7553429	1	1080420	0.0285930673718	0.0254411658846
rs4970362	1	1084601	-0.076697572251	0.000641458989417
rs9660710	1	1089205	-0.442157553113	0.471605063421
rs4970420	1	1096336	-0.178988882995	1.02427358028
rs1320565	1	1109721	0.0574848740848	1.00264979504
rs11260549	1	1111657	-0.0904966739286	0.976441737077
rs9729550	1	1125105	0.0607199145011	0.491949535495
rs11721	1	1142494	-0.130818147982	1.02685791546
rs2887286	1	1145994	0.168945094842	-0.0341879316073
rs3813199	1	1148140	-0.133327150721	0.488208248152
rs3766186	1	1152298	0.0851159862567	0.998731951496
rs7515488	1	1153667	0.0788714430749	0.987402392232
rs715643	1	1162770	0.247843134896	0.991773850469
rs6675798	1	1166460	0.120423508086	-0.0299196302387
rs7524470	1	1182378	0.102153288118	0.0173736442067
rs11804831	1	1184667	0.218585120445	0.000965343123729
rs6685064	1	1201155	-0.261786110878	1.03546739841
rs3737717	1	1231947	0.084689666778	-0.000425321007866
rs2765033	1	1300787	0.343421210963	0.993865008316
rs2649588	1	1303878	0.339475325928	0.0136721667126
rs819980	1	1415563	0.615564648244	0.00604152043668
rs9439462	1	1452629	0.391809434451	0.990891225256
rs3766178	1	1468043	0.540628165717	0.00876434156084
rs2031709	1	1475847	0.640689136624	0.98019226616
rs3128342	1	1476697	0.340125581253	0.616575214347
rs880051	1	1483590	0.632221561143	0.682510159419
rs2296716	1	1487687	0.424699246562	0.974715530762
rs6603793	1	1495118	0.525976931105	0.0305033534203
rs7520996	1	1498897	0.339224525223	-0.00762035424387
rs3737622	1	1610720	0.276489465346	0.340655538039
rs6603811	1	1695996	0.286730977296	1.01619448728
rs7531583	1	1696020	0.153553961165	0.999822103584
rs16825336	1	1735586	0.278664822357	1.00063675477
rs2180311	1	1738594	0.444137941296	1.02215034309
rs6681938	1	1771080	0.443080047881	0.680297741541
rs10907192	1	1782971	0.398346685885	1.0216073538
rs4648592	1	1790894	0.443134212853	1.01553670012
rs7525092	1	1799950	0.616422906076	0.382044217618
rs2474460	1	1833906	0.772782396003	0.969230746059
rs12758705	1	1863485	0.402576836811	0.75430871074
rs2803329	1	1864441	0.230920365228	0.989648611774
rs3820011	1	1878053	0.455508459485	0.664321999181
rs2803291	1	1882185	0.668537932029	0.386898664298
rs2459994	1	2013924	0.163587517131	1.01457794903
rs12755035	1	2016221	0.134596212249	0.638337742695
rs884080	1	2016609	0.390934998256	-0.0108783861276
rs908742	1	2023116	0.0308788951348	0.937875827475
rs4648808	1	2030796	0.295916956816	0.978724247555
rs6603813	1	2032940	0.687138973312	0.364850477649
rs3107151	1	2041373	0.638232440056	0.999266000832
rs3128291	1	2047883	0.715136403714	1.01697197139
rs3128296	1	2058766	0.479931929634	0.317627134058
rs3753242	1	2059541	0.370029447697	0.992683307484
rs424079	1	2061200	0.481534765044	-0.0128047256042
rs262669	1	2072349	0.105607765097	0.278729554111
rs2257182	1	2072426	0.250378284171	0.297302233098
rs262654	1	2079386	0.213965761892	0.651164671301
rs3052	1	2086498	0.301782297676	0.989729130495
rs262688	1	2103425	0.311655202428	0.00579278140212
rs2460002	1	2109693	0.110344482467	1.0254820584
rs6665593	1	2130121	0.661543952258	1.00948392652
rs7512482	1	2136826	0.0961376762436	0.383368734143
rs262683	1	2145729	0.433043502823	0.0151071513189
rs2460000	1	2146222	0.456986728618	1.01827171241
rs263526	1	2163364	0.384886840609	0.65126508049
rs10910034	1	2165898	0.602425593137	-0.00200270044173
rs1713712	1	2166021	0.642434587376	0.605810634825
rs260513	1	2170384	0.385310995616	0.997098741664
rs260512	1	2172330	0.43951230336	0.766820625145
rs10797417	1	2182293	0.0616217272885	0.00621834793386
rs7547453	1	2184977	0.552054548945	1.01983457524
rs11588312	1	2188917	0.512756470314	1.01657908367
rs6673129	1	2192634	0.374800655041	0.9800548077
rs7553178	1	2194615	0.215619441612	-0.00374579124969
rs4648819	1	2194650	0.402556065982	0.0346411265942
rs10910047	1	2201709	0.151636077605	-0.0139151375517
rs12119470	1	2207960	0.550119076187	0.974397504831
rs2017143	1	2210509	0.426730828679	0.646211487701
rs2643885	1	2211082	0.203182210426	0.334330541001
rs903919	1	2212443	0.387101265712	1.00095821963
rs884941	1	2213505	0.409675887155	0.0181164069131
rs884940	1	2213726	0.858504934039	1.00606772372
rs12743493	1	2214696	0.650021383809	0.0163084001084
rs10910050	1	2214736	0.636912758916	1.00688028623
rs903916	1	2221323	0.489926606905	0.280604284475
rs1809822	1	2221455	0.418572962441	0.0124683196895
rs2279702	1	2224492	0.447792143084	0.648483654299
rs2643904	1	2226557	0.777189133578	1.02659014338
rs2173049	1	2229866	0.387502821185	0.387412592646
rs2843157	1	2230243	-0.0124445770948	0.236217008186
rs2645065	1	2251082	0.444551766864	0.691996501778
rs903904	1	2253748	0.368783369246	1.0012239489
rs2843143	1	2259808	0.422730862843	1.01026089674
rs2843142	1	2259958	0.288128765651	1.01763012544
rs2055204	1	2270521	0.407788793295	0.700627185536
rs7527871	1	2271586	0.466936549536	0.709108101272
rs4648831	1	2272977	0.664360003606	1.01490265009
rs2840528	1	2273756	0.401270471426	-0.0203080200356
rs2840530	1	2275590	0.874930582934	0.0277561667171
rs2645085	1	2277476	0.40679396223	0.352998414897
rs903914	1	2279181	0.485728187972	0.630050909774
rs2840542	1	2281540	0.0996911131765	0.965894051721
rs2643891	1	2282212	0.364477124178	1.00089455088
rs7545940	1	2289487	0.252712751626	0.386816356114
rs2840538	1	2289511	0.149473238076	0.694755885169
rs6665546	1	2291551	0.665242147888	0.266291216337
rs10910060	1	2292771	0.193438883948	1.01776621538
rs10910061	1	2293372	0.765640915048	1.01425949353
rs2279703	1	2296555	0.412220324384	0.990846683711
rs7519807	1	2296832	0.502863285508	0.399447861439
rs12033324	1	2297341	0.43402023928	0.996275096534
rs2843160	1	2298942	0.740622180935	0.624389537288
rs903901	1	2300053	0.187287102106	0.317088755058
rs2643901	1	2304179	-0.668871581163	0.980785418836
rs2843127	1	2305577	-0.886502889215	-0.0156479458718
rs903903	1	2309288	-0.955681463399	-0.0100481844417
rs4648633	1	2310562	-0.264157025117	0.0316476654102
rs1123571	1	2315869	-0.82344820591	0.0437775809195
rs3736330	1	2316935	-0.512714343306	1.02107974761
rs2840532	1	2317675	-0.762839246635	1.00679630991
rs3001336	1	2322891	-0.664767915405	0.0120107738261
rs1129333	1	2325536	-0.849878279197	0.991313872926
rs2494428	1	2328934	-0.957203882339	0.0131792949642
rs12022929	1	2349841	-0.303883732668	1.02894440679
rs4531246	1	2351880	-0.951339879731	0.0478794977433
rs4648843	1	2356176	-0.522419685939	0.98088819967
rs6659405	1	2362949	-0.317776602825	0.0350361553057
rs10910078	1	2380448	-0.36965719859	1.01874000178
rs1998760	1	2386996	-1.06669068246	0.97524669139
rs2494626	1	2394116	-0.274123473696	0.971034146115
rs13376356	1	2396747	-0.709338225742	1.03202559697
rs11588930	1	2398694	-0.702088082036	0.996796890875
rs12049628	1	2399136	-0.553074912937	0.968479240847
rs17373634	1	2413982	-0.657877279781	0.963220176766
rs2477703	1	2415852	-0.742692479339	0.979918218394
rs3762444	1	2417572	-0.41555053158	0.98636574239
rs7535528	1	2434274	-0.780486807819	1.01313075384
rs2236395	1	2436740	-0.593305686372	0.0142503353667
rs2246732	1	2440254	-0.790011589742	0.973967317956
rs2494606	1	2456493	-0.517407691525	1.04988543166
rs2234167	1	2480088	-0.632526027832	0.998820304734
rs6667605	1	2492640	-0.832716641293	1.00529916022
rs734999	1	2503076	-0.733149912507	0.000260253272721
rs3748816	1	2516606	-0.0870559731106	0.468825094678
rs12138909	1	2528598	-0.0208389865608	0.968629477765
rs11590198	1	2541760	0.138715892617	0.963497350543
rs3890745	1	2543484	-0.0185995608642	0.50756365809
rs4648499	1	2689509	0.0342364528094	0.51678057658
rs4648356	1	2699024	0.109465570687	1.02006318031
rs2377041	1	2703187	0.344522334949	1.00588043668
rs10909880	1	2717664	-0.235335326803	0.500322947853
rs10909890	1	2723447	0.221515959799	1.0096100581
rs4609377	1	2735743	0.0717550230026	1.01315553362
rs4648481	1	2739576	-0.299104851277	0.447213777531
rs4648482	1	2739781	-0.16279653616	0.0142277396038
rs6680471	1	2744372	0.285736374413	0.994328667296
rs4648384	1	2746481	-0.231037998682	0.462070535566
rs10752737	1	2759402	-0.131667192062	0.00073580858102
rs12409348	1	2768903	0.014599950288	0.555266514436
rs897615	1	2776953	0.0550214206303	0.527379594243
rs10910019	1	2778968	0.0380248469352	0.991590371683
rs16823103	1	2782661	0.236324759346	1.01740129098
rs10797342	1	2787716	-0.0472435464362	0.499656781512
rs2045333	1	2791319	-0.108926702582	0.983696652342
rs3100865	1	2795967	0.126236124945	-0.0127979617974
rs1456465	1	2801674	0.224793437525	0.990616614261
rs12035436	1	2813319	0.0419129322826	1.01616773658
rs880724	1	2815014	-0.131694067069	1.00141379697
rs1869970	1	2819411	-0.135115637958	-0.0257569748425
rs897634	1	2825552	-0.0484072437859	0.984025833075
rs2045331	1	2832130	0.445258582644	0.479056143953
rs2045332	1	2832179	0.311930903233	0.989177074474
rs2606411	1	2837348	0.06276318647	1.0006115041
rs4648441	1	2840041	-0.0609629590331	0.969024495631
rs1473386	1	2842066	-0.0159139996	-0.012064064458
rs10797368	1	2842567	0.0215886000793	1.00366335844
rs16823228	1	2843619	0.0722812328083	0.0475339998573
rs2842909	1	2849584	-0.261376562137	0.562869605544
rs2925499	1	2850791	-0.36207486045	0.990161681685
rs2842906	1	2859773	-0.22602910441	1.04618310762
rs10909845	1	2866385	-0.119367918299	0.98160006278
rs11583804	1	2868226	0.307251115659	-0.0191550763226
rs878201	1	2869500	0.119149318617	0.991238747131
rs2485944	1	2873718	-0.0507150914196	0.495038757177
rs2485945	1	2873792	0.0461066698875	0.468921151263
rs12752801	1	2876326	0.0915614531143	1.00326562867
rs12044030	1	2879437	-0.210002292315	0.00394109443564
rs12046158	1	2881573	-0.194198965852	0.567517578656
rs7533362	1	2886595	-0.0264468029844	0.978862375009
rs6681741	1	2888820	0.0168657685706	0.966611558326
rs1572657	1	2891988	-0.108713449312	-0.0076432194409
rs11807605	1	2893240	-0.22034103729	0.977378223073
rs10797373	1	2893916	-0.043552703221	0.012614536061
rs10909852	1	2895465	0.218877220572	-0.035304133285
rs6424065	1	2909010	-0.0220939645458	0.991734708211
rs6683516	1	2911769	-0.265661061319	0.0124644255204
rs12562637	1	2914526	0.171137369637	0.987935340908
rs2027262	1	2916239	0.210306271784	-0.00433056764311
rs6685625	1	2917484	-0.236132489611	-0.0070016656479
rs7534897	1	2918281	0.116394808208	0.48787656222
rs16823374	1	2927172	-0.30219903302	0.967292534557
rs3795263	1	2928849	0.0217691609798	0.531339468067
rs7412983	1	2933043	-0.0174054393962	0.507730704044
rs2142569	1	2934387	-0.0441602373753	0.509343512924
rs10489588	1	2941694	0.134770767797	1.00819982084
rs2993480	1	2963182	0.0478551544199	0.512021791372
rs1109251	1	2963436	-0.0698415536826	0.970536309674
rs2376821	1	2964712	0.00804267086216	0.530291961371
rs2297828	1	2973823	0.0172468182726	1.01762499294
rs2297829	1	2973947	0.0597825865748	1.01812921371
rs2993486	1	2983498	-0.185070588859	0.545296789455
rs1569419	1	2986462	-0.290100159267	1.02555024792
rs926246	1	2995991	0.0516578937337	-0.0161696229291
rs926244	1	2996143	0.0342253872312	0.017401948901
rs2817168	1	3003550	-0.194739893392	0.50643059688
rs2993493	1	3010106	-0.254043038362	0.545233427526
rs1890336	1	3014125	-0.451937484401	0.521089127243
rs4648453	1	3015572	-0.0141420688839	1.02784951359
rs2817178	1	3037112	-0.71685127185	0.993455384753
rs2235176	1	3043966	-0.552468755965	1.01565031204
rs10797380	1	3045736	-0.52006252822	0.00445783472053
rs7538096	1	3047521	-0.510647082783	0.011492283724
rs2651909	1	3051515	-0.411649228318	1.0104783011
rs2817185	1	3052221	-0.68338665781	1.01422820034
rs731031	1	3062552	-0.43519200359	0.0142313677935
rs1798246	1	3070715	-0.83187225278	1.01423722653
rs2651899	1	3073572	-0.645921446405	0.989582665851
rs2651936	1	3078602	-0.569024198437	-0.0242241798777
rs2817134	1	3088575	-0.728540177022	0.023761513247
rs2651929	1	3091213	-0.346540014863	-0.000301168716634
rs12135062	1	3093172	-0.721809002575	1.0050652076
rs10752733	1	3094490	-0.696750585596	1.00144648253
rs10737190	1	3098356	-0.367910386564	-0.0272454736799
rs7539775	1	3099011	-0.741111864029	0.0168105772496
rs10492941	1	3116997	-0.327169175963	1.01351772619
rs10909901	1	3121095	-0.714658795705	1.01159717254
rs2817146	1	3123299	-0.290207449114	0.981600250833
rs12124147	1	3124191	-0.404129188662	1.01681702473
rs2651906	1	3125035	-0.35022579798	0.987201372874
rs11804075	1	3130107	-0.37700957977	1.03263921821
rs16823542	1	3130324	-0.711175593749	0.99919726893
rs10909903	1	3131321	-0.576196379124	0.995112400505
rs1553288	1	3134605	-1.10020679113	1.01643221017
rs6424069	1	3136890	-0.620392627132	0.0201934078512
rs2455118	1	3152069	-0.995490227451	0.0265261349641
rs10797386	1	3158140	-0.463990897936	1.00147793306
rs4648464	1	3161789	-0.64944034179	1.05252022034
rs17398063	1	3162562	-0.652866203086	0.993046508951
rs3002685	1	3167340	-0.710065227734	0.00720063117796
rs3002686	1	3167971	-0.389701899088	1.01881982002
rs2455099	1	3171275	-0.521674209498	0.966659395647
rs2455119	1	3174715	-0.655648810596	1.01282899079
rs10492940	1	3187607	-0.935458204681	0.986896566742
rs16823802	1	3189077	-0.318272160567	0.981164374217
rs905135	1	3189344	-0.240717095682	0.0135008286743
rs12562988	1	3189494	-0.699720256305	0.991638441017
rs12068687	1	3192981	-0.739736018666	1.01049998042
rs12565013	1	3192997	-0.60611661695	0.00842579554388
rs10909918	1	3198235	-1.08875949728	-0.015194033021
rs12757342	1	3198690	-0.832832633584	0.000490726652525
rs1553291	1	3199783	-0.481855326503	1.01316817655
rs4648468	1	3200810	-0.632728548261	1.02686043408
rs4648377	1	3201318	-0.335444949142	-0.026176261965
rs2455144	1	3204592	-0.459188114829	0.0422043700364
rs6670328	1	3209810	-0.673287361651	1.01653634445
rs7534363	1	3211973	-0.864045373489	0.0244083443392
rs2500278	1	3215800	-0.657040278353	0.975784748118
rs2483260	1	3217048	-1.08128087376	0.0111835033382
rs12409345	1	3218775	-0.2794173469	-0.0210259831763
rs12743017	1	3219045	-0.399832503071	0.99022906114
rs16824089	1	3220404	-1.48916525114	-0.0128934433489
rs2500277	1	3223491	-0.578045534196	-0.0106503197028
rs2483266	1	3225901	-0.796803547134	1.02959697845
rs1108600	1	3230995	-0.777776177536	0.00117660707023
rs2500271	1	3231689	-0.612804102354	-0.00770743909833
rs2483274	1	3237958	0.0451545988877	0.497339408187
rs2483275	1	3239102	-0.0300710284862	1.02444095855
rs4494089	1	3244216	-0.170537054152	0.992351165671
rs1999527	1	3245968	0.125098313948	1.00818009022
rs882430	1	3248973	0.0933306426038	1.02506675521
rs6683273	1	3249043	0.0638079096627	-0.0124905921101
rs2483286	1	3249229	-0.102659087673	0.476975211681
rs4415513	1	3251542	0.105831659918	0.0250006963931
rs4648380	1	3251785	0.128944134708	0.991186042936
rs2483289	1	3254050	-0.0734354860334	0.514581780508
rs2483256	1	3259688	0.141633894294	0.989287495561
rs946758	1	3262923	-0.279809589164	1.01284013205
rs12748963	1	3265009	0.143783000335	1.01174704908
rs2500286	1	3265998	0.108709372236	-0.0164059583748
rs12073172	1	3266234	0.0294288501552	0.536707928689
rs17399569	1	3268819	-0.019285006487	0.987419925511
rs2500262	1	3269881	0.0931926832344	0.515213069256
rs4648485	1	3273388	0.318051979786	1.00476997084
rs4648487	1	3275164	0.123133081973	-0.00330644654216
rs4648381	1	3275720	-0.00575051851426	1.03650862835
rs12135987	1	3279384	0.137591491306	0.996511688453
rs1333190	1	3279589	-0.169514568714	0.527438180739
rs1333189	1	3279831	-0.167528237048	0.456470012434
rs4648489	1	3283525	-0.209886736886	0.487085970125
rs2493310	1	3284282	-0.226459559905	0.48874024825
rs1538693	1	3284832	0.162583650538	0.0106122489527
rs2493309	1	3286811	0.0865641183895	0.937373953002
rs12085231	1	3287498	0.178453512409	0.996138129056
rs868688	1	3290667	0.142507348792	0.00430344836135
rs868689	1	3290990	0.274137665645	0.990339357943
rs10492939	1	3292731	0.0167935861338	0.492778645043
rs10492938	1	3294196	0.0569187938538	1.0189218679
rs17399998	1	3294876	0.204156135494	1.00385592228
rs2493278	1	3297606	0.0919641737561	-0.00921754445722
rs2493275	1	3297894	-0.06954080528	0.494353570168
rs2493268	1	3298358	-0.148938796737	0.440807726602
rs871822	1	3302774	0.109766963842	0.01129772217
rs17822581	1	3304456	0.0495302452017	0.4631752543
rs6424074	1	3307640	-0.389697968614	0.507799363446
rs11578011	1	3308392	-0.0522402688636	-0.0307508989581
rs12024847	1	3310659	0.0709643682263	0.51440168663
rs870124	1	3318218	-0.0771850575465	0.980119344104
rs2493292	1	3318519	0.152906316999	0.998234229359
rs2493291	1	3319244	-0.155821748954	1.00671715302
rs2493285	1	3323455	-0.105154545292	1.00729325561
rs2483230	1	3324752	-0.163277827237	1.00143186479
rs1984069	1	3326060	0.36004339354	-0.00660078834862
rs870171	1	3332664	-0.10324582107	0.458706434843
rs2493272	1	3339373	-0.192972956643	0.0180299349837
rs2483250	1	3346265	0.22281375766	0.984332871432
rs867814	1	3352116	-0.0820920040338	-0.0245492003453
rs2487670	1	3358003	0.0875500893089	0.509171402266
rs12745860	1	3364220	0.0449669218824	0.547418400115
rs2487680	1	3367302	-0.100975511725	-0.0434551294827
rs2493254	1	3370417	-0.0950148506309	1.00822300221
rs12562167	1	3371558	-0.135226497566	0.984210277772
rs2185639	1	3379587	-0.0935155165103	0.562656396595
rs2493314	1	3390154	-0.0877830877219	0.987489496702
rs4648505	1	3395156	0.024778681886	0.0120460083552
rs2821040	1	3396651	-0.0105616782467	-0.00422915551939
rs947344	1	3413327	-0.126911906837	0.989165841422
rs11585362	1	3418468	0.177623525907	0.992545909555
rs12093117	1	3431124	-0.115686552869	0.970840278185
rs4648392	1	3436673	0.292422611297	0.993700211786
rs10797400	1	3440497	-0.114217536822	0.992818012545
rs12119711	1	3440865	0.00807896458378	1.01899077652
rs9970944	1	3444452	0.0492298671903	1.01222385215
rs2821066	1	3445617	0.119649288058	1.02880946188
rs4648524	1	3446452	0.237133036788	1.02263275713
rs10737192	1	3446731	-0.0498297480741	0.99563458578
rs6685801	1	3454311	-0.0349980694642	0.0286580794191
rs869697	1	3456573	0.103224556878	0.988124800903
rs878063	1	3462788	0.16359706691	-0.0179949424285
rs9628616	1	3463205	-0.202765843638	0.506018930961
rs2821063	1	3464486	0.0385176994913	0.484239889361
rs10909969	1	3470009	-0.0182316519003	1.01212933533
rs12749547	1	3472448	-0.0271387488824	0.458919748169
rs947354	1	3476986	0.00309863969025	1.00160236854
rs4431782	1	3480967	-0.099600198673	-0.000464183904469
rs2821054	1	3483710	0.061537638533	0.523686293427
rs4648527	1	3497721	-0.153040806833	0.0331893453241
rs6697749	1	3500493	0.0963882163616	0.484911357143
rs7544357	1	3501155	-0.16541918068	1.02204800827
rs2821025	1	3502376	-0.14649285148	0.998401127955
rs2821023	1	3502660	0.0321951904957	0.459499486818
rs2821017	1	3510731	-0.124514703254	0.535500065798
rs4648398	1	3521455	-0.00466914006159	-0.0373344597842
rs4648538	1	3533353	0.00709494706145	0.97472860989
rs4276857	1	3534206	-0.0221788784473	0.505445828602
rs2821007	1	3536795	0.0191312959892	0.469439314564
rs2760321	1	3537996	-0.17458180714	0.949869726247
rs10909994	1	3539057	0.0132477497957	0.990391059034
rs7528494	1	3548088	-0.0684443885321	0.981266111145
rs2181484	1	3562634	0.0176321715531	1.01801905801
rs4648545	1	3567181	-0.256371244508	0.992865748308
rs3765692	1	3574631	-0.0736020678051	0.00717912831368
rs7523732	1	3574901	-0.183780275398	0.00376719329049
rs3765696	1	3577365	-0.137318692389	0.0265017484291
rs3765703	1	3582296	-0.0533422447933	0.522083920888
rs3765705	1	3586877	0.152288310988	1.00431584255
rs3765731	1	3601752	0.00754535220093	0.51416605164
rs3765736	1	3606461	-0.0378617013652	0.985947128469
rs3765761	1	3620336	-0.0945145455112	1.01431565939
rs3765766	1	3624520	-0.135574345942	0.985882116389
rs747827	1	3626207	-0.0276817234252	0.00199863460224
rs12731705	1	3627319	-0.219787669181	0.97037660629
rs1181868	1	3640986	0.0544854884867	1.03925012742
rs12117836	1	3647619	0.00643569173056	0.983367469491
rs3737589	1	3652705	0.0260831860397	-0.000717990011736
rs1181888	1	3661651	0.25385893437	0.00920628019704
rs12128669	1	3665937	-0.128092657246	0.497300766179
rs1181883	1	3667793	0.036964658841	0.999657216992
rs10910024	1	3669635	-0.100138900343	1.00689104416
rs1181877	1	3670589	-0.104467642736	0.995143427667
rs1181876	1	3671541	-0.139373812723	1.00369103185
rs1181875	1	3671691	0.203408613631	0.494150059022
rs10910025	1	3674045	-0.00453972943588	0.982605027863
rs2275819	1	3679268	0.136296731789	1.00580042271
rs1175549	1	3681587	0.0761817509848	0.537568378488
rs2799182	1	3685860	-0.104748422726	-0.00291746266984
rs3737593	1	3686396	-0.358935196632	-0.00245984476601
rs8520	1	3686997	0.204457586548	0.45931412198
rs6667255	1	3701549	0.100311389564	0.479518732915
rs6702935	1	3722567	-0.347426065621	0.501848081103
rs2027548	1	3729372	-0.177240746327	0.997134554624
rs4648344	1	3732992	-0.243567838809	-0.00394554562785
rs6663840	1	3733179	0.117888980369	0.478457211367
rs2275831	1	3735784	-0.0322010202992	0.989875216311
rs7535133	1	3738373	-0.483964737621	0.00597447161582
rs12084604	1	3743673	-0.767048257439	-0.0244899692877
rs7535887	1	3746353	-0.633361901738	1.02341826903
rs10492943	1	3755284	-0.852872096837	0.9913420685
rs4648347	1	3755615	-0.472142533091	1.00792471403
rs6683156	1	3756301	-0.915850264017	0.00369281233087
rs4648426	1	3762949	-1.02016650108	0.00668563661449
rs10797348	1	3770956	-0.229490338721	-0.0232497102067
rs12738235	1	3776105	-0.859134029847	1.02988706838
rs4074709	1	3786808	-0.953496939216	1.00188735881
rs4073324	1	3787855	-0.288793201171	0.0144392994571
rs3205087	1	3790102	-0.592178877651	1.02128894341
rs7367066	1	3793615	-0.825551503638	1.0018331168
rs4131373	1	3797248	-0.695183460667	1.00074151487
rs11807227	1	3799283	-0.682593962073	0.977328524015
rs12082157	1	3801670	-1.12163666971	0.00741307508074
rs6687869	1	3811076	-0.992589903521	0.982454990267
rs11589102	1	3811642	-0.383616785115	-0.00239451949522
rs6695346	1	3896806	-0.918094929616	0.0403390460104
rs12724233	1	3902692	-0.683282828625	0.987277252088
rs11583257	1	3904110	-0.715717655208	1.01432409872
rs11585024	1	3904905	-0.81937178951	0.971474392653
rs7519349	1	3906868	-0.616510797426	-0.00844046273474
rs7519458	1	3906970	-0.603417191549	-0.0167295309376
rs10737395	1	3907418	-0.935935241468	0.96077078981
rs10799181	1	3908931	-0.430534206968	-0.0118457836872
rs4654479	1	3909554	-0.511927705884	1.02754885639
rs4654480	1	3909653	-0.995579932459	0.992232067237
rs6661168	1	3909816	-0.62171103418	0.993601219588
rs4654482	1	3910603	0.258298932307	0.0101997694985
rs11590912	1	3912332	-0.530954579902	0.021370834051
rs10799202	1	3913478	-0.811303196046	1.02364302216
rs12119556	1	3913814	-0.793811114632	1.0141460466
rs10915433	1	3913951	-0.960930850163	-0.00809084023909
rs6681347	1	3915242	-0.552266375638	0.00418999951658
rs4654493	1	3916794	-0.558582221228	0.988938716534
rs7522140	1	3916997	-0.359906502367	-0.0230444118132
rs10915469	1	3922325	-0.950572672808	-0.00731662486649
rs12031557	1	3933957	-0.61530787762	0.0355217106927
rs4654428	1	3939005	-0.136195027776	0.50662902682
rs11587331	1	3939756	-0.270926345499	0.483386393222
rs4654525	1	3940015	-0.0693600224843	0.548231847946
rs12038964	1	3953295	0.0508517749127	-0.0159582464398
rs6691155	1	3953927	0.0179356308426	0.461446250199
rs12135298	1	3957348	-0.244505605103	0.987788366588
rs12045781	1	3961468	0.318664970942	1.00677388455
rs12722968	1	3965208	0.109262951746	1.00281025217
rs4440829	1	3980640	0.179230721439	0.469900549996
rs4378174	1	3980745	-0.0980001071416	0.471269357752
rs7418256	1	3984164	0.141823127444	0.978802400485
rs12080516	1	3989473	0.105576379427	1.03087623236
rs12068729	1	3991510	0.0678583602842	-0.00490001409325
rs10915318	1	4004999	-0.137140739754	1.02302780391
rs12749761	1	4011047	0.0859037205275	0.541458900959
rs10915360	1	4017414	-0.12635579679	-0.0110101911573
rs12745618	1	4019438	0.124160162003	1.01676639227
rs9792946	1	4019522	0.0682709599104	-0.0093227031803
rs7514530	1	4020171	0.40522137253	1.01424107713
rs10915373	1	4020965	0.194727525113	1.01060173461
rs7524800	1	4021444	0.0126665803334	0.498629411245
rs10799180	1	4022324	-0.0258902257201	1.0442009401
rs6669278	1	4022959	-0.201533382288	1.00498883532
rs10753358	1	4028383	-0.271661289314	0.0407370542122
rs4391636	1	4030544	0.0055350024391	0.502522715432
rs3936238	1	4031586	0.0660427677331	-0.0172560537994
rs12093951	1	4032082	0.143831764982	1.00336665568
rs4436359	1	4039890	-0.0241056529896	0.0367535337336
rs10915421	1	4045475	0.260499851909	0.0338767173808
rs10915423	1	4045888	-0.016934759446	1.0033044002
rs10915424	1	4046229	0.140495278162	-0.0120850480876
rs4462110	1	4052575	-0.00407626295959	-0.0117503629287
rs4481820	1	4052788	0.198738052835	0.492417562452
rs6676961	1	4052947	-0.0890294015523	0.473732440758
rs10915428	1	4058815	0.153677303602	0.464507234784
rs12077262	1	4069908	-0.121739604082	0.999745158228
rs7548756	1	4070109	0.212855981531	0.493855692552
rs10915434	1	4073976	-0.0300559020551	0.529482803465
rs16840802	1	4077758	0.303327063967	1.00772505193
rs10737402	1	4078163	0.00757454442067	0.984210131594
rs12040805	1	4080702	-0.0750998772628	0.99768590983
rs4654487	1	4087812	-0.183221204945	0.506618035037
rs4131507	1	4094572	-0.0428805050418	0.0139978896528
rs6702633	1	4096895	-0.0586754194529	0.536534130998
rs10915445	1	4097502	0.302610211912	0.979080231352
rs16840831	1	4100029	-0.0413633248236	0.997195808897
rs11808881	1	4100697	0.105064613785	0.979319354198
rs16840838	1	4101209	0.23804240798	1.00356370511
rs4654492	1	4101675	-0.233014155357	1.0037374998
rs7542208	1	4102678	0.203081973404	0.00565027003612
rs9426471	1	4106070	0.123363645943	0.00440597023824
rs10915448	1	4107385	-0.154540901253	0.524973823418
rs6683453	1	4110262	-0.0715438168729	0.454876235393
rs12062122	1	4113891	-0.185315021503	1.02650869845
rs9988443	1	4116025	-0.069605161898	1.01299758418
rs4609397	1	4116722	0.0775924400254	1.02045488617
rs4614226	1	4121459	-0.0171091556133	-0.00642031771272
rs16840868	1	4126954	-0.0773745353619	-0.0201331764753
rs12123330	1	4127324	-0.103186239478	1.01996553964
rs10915459	1	4130323	0.0265987024094	-0.0343196096588
rs12074880	1	4131061	-0.0316549120727	0.000344361819994
rs4233262	1	4136842	0.00758625836923	-0.00764722909676
rs4654418	1	4138888	0.138899743724	0.989913242393
rs11808641	1	4150793	-0.0942971426114	0.491057773386
rs6667065	1	4160278	0.0330838832583	0.498631745239
rs10158783	1	4163379	0.0717362119086	0.982949989633
rs4654512	1	4163857	0.159747639675	0.472873311557
rs6426402	1	4169351	0.0396863897676	0.528115892873
rs12022636	1	4171386	0.0811679995449	0.528641196152
rs10915478	1	4176763	0.127227537783	1.02283964144
rs4654424	1	4181318	-0.0298423356569	-0.0175755325593
rs11579829	1	4182646	0.155978790577	0.540508340145
rs2132177	1	4183175	0.176783911406	0.0088905622418
rs1874266	1	4188412	-0.147461338554	0.985671978187
rs10915480	1	4188663	-0.0152369641987	-0.00475248672222
rs10753374	1	4188905	-0.0620487352603	0.974793113975
rs7541544	1	4191702	-0.112019329596	0.501303415538
rs12071761	1	4193752	-0.245007415791	1.01882087726
rs4512614	1	4193860	-0.0449873385656	-0.0108561576868
rs12132422	1	4195164	-0.0645310854959	0.990291664603
rs7517989	1	4199587	0.229561715355	1.02451903725
rs6426408	1	4200666	-0.176095389911	0.525374173614
rs1908490	1	4212065	0.133044679728	0.488587387977
rs966321	1	4215064	-0.156992990687	0.467984645479
rs964715	1	4216644	-0.00734789850631	0.5435889603
rs1495250	1	4217111	0.193933986577	0.505892089418
rs10915489	1	4221327	-0.172863583249	-0.00121147931158
rs10799220	1	4222962	-0.089609120777	0.976705132326
rs2411738	1	4226228	0.137417310453	0.51165906699
rs10915494	1	4228336	0.0817977487145	1.02650845883
rs6677984	1	4230147	-0.0116190231861	0.503881535206
rs17407901	1	4241377	-0.0249603088655	1.0147436077
rs1390136	1	4241703	0.0469184233088	1.01015615675
rs16838558	1	4243808	0.227231715241	0.991298436434
rs12562995	1	4259026	0.318622470211	0.998104349639
rs693734	1	4264086	0.0708110380219	0.439258590947
rs351623	1	4266750	-0.128152664953	0.529727077587
rs351617	1	4268811	-0.00842975280822	0.474516653984
rs1495239	1	4269934	0.241069600173	0.972785349714
rs351615	1	4270245	-0.235015999497	0.0379364441265
rs12073612	1	4270349	-0.114397526291	1.00561624971
rs1353341	1	4272852	0.197160773453	0.976731403681
rs10915509	1	4275719	-0.0400333975564	0.470177330204
rs3912751	1	4276676	0.0934177644727	0.992135721383
rs12408012	1	4279547	-0.00843787705021	0.00416337773827
rs2171985	1	4281113	0.0809504355972	1.00119865604
rs351605	1	4282649	0.166739502042	1.0107583982
rs351608	1	4284633	-0.297522288465	-0.00697082561221
rs639739	1	4289122	-0.333300114494	0.969525432683
rs684965	1	4297388	-0.126656688405	-0.0072447056719
rs589585	1	4297875	-0.0229104366394	-9.10988265129e-05
rs11587563	1	4301310	0.192105337549	1.01702523097
rs488256	1	4301423	0.158343971901	1.00987571332
rs16838750	1	4304204	0.0804993156074	0.546695123147
rs11589129	1	4304274	-0.079353870399	0.535905332693
rs10799228	1	4305858	0.060551527671	0.502404084729
rs600933	1	4309356	0.0759684185151	-0.00347234934991
rs480106	1	4311711	0.0566285298325	0.00839776500966
rs1531328	1	4318024	-0.0140949045155	0.994800111298
rs349394	1	4319314	0.138081934371	0.494192852258
rs12025694	1	4320369	-0.210054859394	1.01808444508
rs349390	1	4323756	0.109091460139	0.0120538906453
rs16838813	1	4324005	0.096261477964	0.499551434714
rs75411	1	4325274	-0.229253031679	0.993857617644
rs12404619	1	4325945	-0.124611076592	0.998302618556
rs16838830	1	4340458	-0.0731606519899	0.00389830046998
rs1845635	1	4340949	0.0746859688129	0.0121136973316
rs239339	1	4344399	0.0289441930183	1.01227127346
rs7418714	1	4346856	-0.00608243841972	-0.0017682277258
rs10915522	1	4355993	-0.0874839985883	1.0109986343
rs16838950	1	4361114	-0.379850079704	1.00834707771
rs12047204	1	4368607	-0.0676711987942	0.988192564495
rs547923	1	4368744	-0.0761900238653	0.0075520053351
rs10915528	1	4371234	-0.0290882976587	0.0284018160693
rs349403	1	4373862	0.137439340308	-0.00632742377544
rs4654432	1	4381075	0.395102560052	1.01024231565
rs2035010	1	4386382	0.0753529929528	0.993978375131
rs6678792	1	4389258	-0.0407045777456	0.475404583335
rs10915533	1	4389389	0.0151872451354	0.996745803518
rs10915535	1	4391320	0.0128864907576	0.549416840898
rs12128076	1	4392840	0.106292532639	0.997584038374
rs1556691	1	4393075	0.0220343769949	1.02153094217
rs7546628	1	4395147	0.0847504207567	0.554131447351
rs1762814	1	4396116	-0.243456816224	0.990122208442
rs1674877	1	4396519	0.215758060266	1.00700742275
rs6660514	1	4396978	0.031068843264	1.02048723798
rs12128230	1	4401771	-0.239463660639	-0.00364940685185
rs780586	1	4404787	-0.0219419014207	0.985276110711
rs10915541	1	4405372	0.0698376185838	0.991987426735
rs780587	1	4405826	-0.269213392263	0.986044519275
rs2054269	1	4409197	-0.125615077715	0.505919878023
rs705685	1	4410700	-0.103630622543	0.995919504014
rs922114	1	4411281	-0.160711527132	1.01639069519
rs12407583	1	4413754	0.0550710455129	-0.0261370884349
rs11584026	1	4414313	0.0769890889729	0.976716371126
rs664520	1	4423217	-0.18496373712	0.0015967228011
rs4654545	1	4425464	0.0189429703271	-0.0307344272045
rs12140626	1	4433492	-0.120267184397	0.5137080778
rs10047182	1	4434181	0.0106014651839	0.493794175428
rs12143782	1	4434210	-0.28237357376	1.0154167319
rs7541288	1	4435008	-0.106554936361	0.991360897326
rs6426417	1	4436536	-0.171481580921	-0.0247233086314
rs1037800	1	4440655	-0.53582899058	0.955226371917
rs11799990	1	4441250	-0.819893025342	-0.0370390973556
rs6656245	1	4443523	-0.942734484806	-0.00962679722067
rs350170	1	4444038	-0.460599434465	-0.0133910919989
rs350171	1	4444653	-0.942571663648	1.00151370182
rs350181	1	4447948	-0.377808132182	0.98393561523
rs780606	1	4449262	-0.878058221021	0.974300920131
rs350187	1	4449793	-0.706154507126	0.993774439996
rs1878052	1	4452662	-0.956670688136	0.989824515096
rs350193	1	4454074	-0.637309359559	1.00821666606
rs609506	1	4458793	-0.952783203021	0.956512491105
rs9660574	1	4460265	-0.250849592573	1.01723543712
rs582598	1	4461822	-0.651899974995	0.968041922997
rs660100	1	4462210	-1.01606848624	0.0210091264015
rs4654548	1	4462336	-0.581799912737	0.00905826123229
rs6681032	1	4462989	-0.412339771922	0.960831726635
rs350165	1	4464544	-1.16722854278	0.962454292906
rs1870509	1	4466655	-1.09828705391	0.0148838415873
rs10799241	1	4469407	-0.800057661257	0.997310661345
rs4654552	1	4470842	-0.697046647906	1.01132042684
rs1710415	1	4471600	-0.316278711783	0.958129401036
rs1762826	1	4472638	-0.93482478295	0.989593178078
rs4480324	1	4472959	-0.553054877381	-0.0429950924738
rs1710421	1	4473849	-0.256441300242	1.02897137808
rs6703696	1	4478355	0.0251865176085	0.0197385608162
rs12039682	1	4481090	-0.473007060994	0.994041208815
rs12039710	1	4481198	-0.58102878326	0.994195121583
rs608203	1	4481445	-0.664898532656	1.01805410383
rs780983	1	4486466	-0.0152361115279	1.00014936685
rs241239	1	4487037	-0.339005657759	-0.00564973689913
rs241238	1	4487379	-0.738272882969	-0.0420295240188
rs241233	1	4490410	-0.447763086531	-0.0200059796278
rs241230	1	4491976	-0.98211466178	0.979748536476
rs11809295	1	4498133	-0.851519210842	0.00488353028227
rs592726	1	4499103	-0.234866267743	0.0286591562588
rs241219	1	4506052	-0.871827310147	0.99828159973
rs12092980	1	4506331	-0.707163358677	1.00804266616
rs241221	1	4508910	-0.921709480589	0.997802867285
rs7549444	1	4511295	-0.720903335336	-0.0164056348446
rs241250	1	4513093	-0.49097945378	-0.00389517452358
rs171319	1	4514873	-0.751578978387	0.964676971908
rs6685798	1	4518111	-0.45640059184	0.00317590236119
rs916408	1	4518139	-0.919098624108	0.0145963114786
rs241264	1	4518898	-0.942118479653	0.0124149854555
rs241266	1	4520150	-0.930753789952	6.1047197032e-05
rs10915560	1	4520783	-0.894792863479	0.0150979949807
rs12120353	1	4520856	-1.34343316852	1.0121600859
rs16839306	1	4521535	-0.686548267572	0.999058523124
rs977271	1	4525556	-0.5799418978	1.00244152251
rs241273	1	4526937	-0.935202147128	1.00869003413
rs241211	1	4532388	-0.490500104925	-0.000973907897473
rs1541318	1	4534838	-0.81358071859	-0.00103762870364
rs1157688	1	4536627	-0.750394607484	0.00201356812384
rs1024139	1	4540762	-0.256245029452	-0.00463440582288
rs2078573	1	4543292	-0.43627664385	0.981239691091
rs1849943	1	4549176	-0.283942523304	0.0220035943467
rs164771	1	4553625	-0.623358621885	0.000894992552686
rs526695	1	4556909	-0.7213687649	1.02109687776
rs12567277	1	4558398	-0.377348737216	0.0125522030974
rs618751	1	4562392	-0.316433240629	1.0186725826
rs164781	1	4565092	-0.824276079833	-0.0156432531927
rs3896439	1	4568530	-1.00691499325	0.991992541422
rs10489133	1	4573797	-0.513200626682	0.978464356425
rs6668002	1	4581964	-0.12572068148	0.9981981442
rs6674936	1	4584165	-0.307026424492	-0.0149475361424
rs875807	1	4585532	-0.869869854413	0.00954158188743
rs2269620	1	4587142	-1.0098030367	-0.0070570810522
rs4654576	1	4587674	-0.454512481433	0.97658737275
rs7527078	1	4590753	-0.532531504898	-0.0175974389763
rs12405615	1	4594458	-0.807348559007	0.994683885377
rs2071967	1	4595952	-1.19149554206	0.998005167045
rs12122754	1	4598419	-0.340189421741	1.02746517886
rs10915575	1	4601118	-0.89811836787	-0.0106110308005
rs2035453	1	4604815	-0.844925873995	1.02149573401
rs4654454	1	4608022	-0.45607951204	-0.0034863760439
rs10915577	1	4610346	-0.652204180794	0.0216753485297
rs1483198	1	4617251	-0.529096758982	0.0209739893409
rs12408160	1	4622906	-0.0867263024296	1.01679527578
rs12083131	1	4623678	-0.651802643893	-0.00729632131331
rs17421247	1	4624817	-0.343730292724	-0.0219997462575
rs11588149	1	4625356	-0.234815607578	1.00607554684
rs12567266	1	4626314	-0.899378879614	0.00772225952716
rs6658098	1	4626946	-0.181029079288	-0.022016761304
rs12141394	1	4630977	-0.663635055303	-0.00901480136528
rs4144452	1	4631448	-0.752265603923	1.02243365114
rs11587129	1	4631788	-1.07530483645	1.02363499416
rs1564667	1	4632333	-0.630284473805	0.0101516400409
rs16839450	1	4637391	-0.599659454898	1.0305944398
rs2071989	1	4637465	-0.960494729262	1.00753777832
rs2071990	1	4637918	-0.850778116745	1.00219840168
rs2071995	1	4638538	-0.530722126405	0.997853045441
rs10799257	1	4639178	-0.571397779757	0.00954068602909
rs763238	1	4643564	0.199387721242	1.02692885139
rs17344940	1	4644066	0.046447736658	0.982318491271
rs10915587	1	4646496	0.0695618780562	0.452404627577
rs12747700	1	4647597	0.0882516566502	1.00677983763
rs1076944	1	4648165	-0.18119189049	0.987893274275
rs242052	1	4650890	0.236884805752	0.521188471009
rs7525374	1	4653917	-0.0531724570659	0.516834219379
rs7518469	1	4656136	-0.0839958082214	0.996229885133
rs6681520	1	4663261	0.144465310512	1.00732727992
rs4654593	1	4669685	-0.185599206588	0.997887286854
rs242056	1	4672577	-0.0476474375639	0.989412517048
rs242058	1	4674298	0.213389626316	1.00757132155
rs3820251	1	4681011	-0.0613945842548	0.997777714706
rs3820252	1	4684416	-0.0225753723303	1.01942222478
rs3820253	1	4684744	-0.187168108569	0.995796838804
rs242044	1	4686979	-0.0840838480722	0.468252868873
rs242050	1	4689039	-0.155324059539	0.980361610597
rs446529	1	4695274	-0.0201883378469	0.520102453498
rs3753702	1	4699060	0.227572503791	0.988220528528
rs4654598	1	4704202	-0.0959751450459	0.987585771888
rs364642	1	4710412	-0.0262583065297	0.506892685948
rs380239	1	4712975	0.179777635415	0.000857876117532
rs428001	1	4714260	-0.0496969134399	0.486220180891
rs422988	1	4718977	0.106415097246	1.0224051794
rs397559	1	4720659	-0.250656921863	-0.000102961746345
rs12119789	1	4723352	0.552485326562	0.477699471392
rs12066439	1	4724171	0.0280899152113	0.559328006394
rs424723	1	4724602	-0.284551585878	0.00967027366742
rs2743979	1	4725012	0.0268430443302	1.00372370463
rs423285	1	4730936	0.0279375367193	0.469846504726
rs396112	1	4731180	-0.171347865222	0.49088537245
rs3766977	1	4733358	-0.116664868197	0.974075624428
rs399377	1	4735235	-0.0729653881133	0.99940013891
rs414909	1	4738101	0.469533933043	0.995437459116
rs9426506	1	4744236	-0.143291439722	1.01972888543
rs11805709	1	4747454	0.213742561878	0.481702471914
rs2235443	1	4751163	0.0647027873744	0.00901286179226
rs2411894	1	4752767	0.0531647125675	0.981755966977
rs4654607	1	4761020	0.00721626353294	0.557609528808
rs12410445	1	4767710	0.159303842783	0.464727218942
rs10799262	1	4772431	-0.0593099498052	0.00254385902494
rs10915612	1	4772916	-0.0364492440484	0.977994721931
rs10915613	1	4774365	-0.45175833798	0.0182519335881
rs1120120	1	4778731	-0.115362616561	-0.0525990987541
rs12122126	1	4781127	-0.192537539323	0.470297142719
rs10915621	1	4785546	0.0685529231197	-0.0246568556064
rs12026226	1	4787770	-0.0223597315685	0.99106343811
rs2181699	1	4787872	-0.0186189632002	0.509913301566
rs2025378	1	4791596	-0.213249126059	0.495611035095
rs4654461	1	4794660	0.151790974509	-0.0153317401347
rs7527319	1	4801597	0.0437256382823	0.00672912103647
rs10915626	1	4806643	-0.358370269978	0.997457300414
rs6683849	1	4808761	-0.19814428271	1.03961356267
rs7549868	1	4812586	0.212881135929	0.0331912576929
rs6426440	1	4814770	-0.109717358593	0.525953305364
rs10915644	1	4827658	0.273152630978	-0.00528764563752
rs1886112	1	4830041	0.0220741438433	0.991700744284
rs10489136	1	4833095	-0.189322617038	0.473880263552
rs10489138	1	4833927	0.175923120966	0.996828961786
rs1544062	1	4851649	0.256171130989	0.99062465794
rs4654619	1	4852515	-0.143731024554	-0.0111282128579
rs6664880	1	4852648	-0.0488336000201	0.441953533588
rs4654465	1	4854635	0.230126316775	0.486380656321
rs6426446	1	4855722	0.175269854224	1.01200135286
rs2031246	1	4859646	0.0665805907348	0.481482752319
rs1998542	1	4860771	0.098330845003	3.3294783381e-05
rs1980722	1	4863865	0.0164527999395	1.01766217179
rs17345545	1	4865012	0.0626640138439	0.49076167449
rs4654468	1	4865491	-0.264092846376	0.00348732072693
rs10753392	1	4869610	0.160991757119	-0.0304886358772
rs10753394	1	4869802	-0.0793406619302	0.498843534916
rs11805753	1	4872967	-0.0515325502485	0.466631909193
rs10915668	1	4873161	-0.155692826438	0.533957962873
rs10915670	1	4875277	0.0319193196493	0.961068449574
rs10157835	1	4875425	0.0438401706358	-0.0123320972956
rs12035499	1	4880552	0.0617592417178	0.976353864
rs11585268	1	4880967	-0.112308350443	0.952139063991
rs942245	1	4881363	-0.514134356179	0.992415449521
rs2898850	1	4881467	-0.212431325607	0.994250093683
rs4141867	1	4883658	0.229382969635	0.485539579402
rs6702564	1	4883885	0.117818437127	0.51477577195
rs2093763	1	4884997	0.225713556095	0.993952573146
rs6666453	1	4887284	0.257742228985	0.0153007562495
rs11584727	1	4888122	0.0183826195582	0.484922728624
rs10799275	1	4888166	-0.120483604057	0.0358682219823
rs2898853	1	4892064	0.132388821893	0.500736292799
rs12409253	1	4894312	0.0960437075825	0.973608012432
rs10915683	1	4896045	-0.223204580918	-0.0160562551441
rs4654470	1	4896086	0.0762946626252	-0.00650329593918
rs12040043	1	4896632	0.226705345583	1.03977940376
rs9426467	1	4897223	-0.203488605809	0.473984923479
rs4654471	1	4899946	-0.259175683256	0.512376669034
rs10915295	1	4901348	-0.242436064546	0.497214886178
rs12042532	1	4901913	0.22567288	0.517405231281
rs7555212	1	4902227	0.0782848244133	0.996041693368
rs6669905	1	4902573	-0.110320993615	0.565132113059
rs9286971	1	4903364	0.0500485217116	-0.0136973153521
rs10915297	1	4910002	-0.130170778277	0.442601492694
rs7522655	1	4911898	-0.0675715013901	0.500741587454
rs12410485	1	4912215	-0.0151568429375	0.0262524268749
rs6692780	1	4914443	-0.0946312392002	0.518802224029
rs12029491	1	4917512	-0.0903708022906	1.00505561032
rs12126932	1	4919413	-0.203254626866	1.01691078319
rs10799145	1	4921060	-0.0650480129816	0.509103367393
rs12754637	1	4923181	-0.203747318658	0.97868933921
rs6702660	1	4923290	-0.304789051343	1.00973934878
rs3101219	1	4924920	-0.266961624667	-0.0015868936976
rs3128678	1	4925039	-0.0376806999873	0.492266713323
rs6426375	1	4927339	0.104440088425	0.934587824204
rs10799149	1	4931239	-0.0561864012905	0.520078285863
rs6665175	1	4935797	-0.00100628651464	1.01161699338
rs12757902	1	4936094	0.0572205077675	-0.0295070775444
rs6666330	1	4937672	-0.0315796590058	-0.0209022150917
rs6657381	1	4938953	0.178180708732	0.982064261941
rs1563791	1	4943594	-0.230393410926	0.0147028897203
rs7365286	1	4947023	0.132896815714	-0.0123487142108
rs10737392	1	4948794	0.10313999215	0.996089108771
rs12725971	1	4951092	0.169348134361	0.0235439200278
rs6683624	1	4951570	-0.157645564726	1.03229856217
rs12116428	1	4954210	0.20965772547	1.00436841955
rs1380469	1	4961077	0.135334153282	0.502409475599
rs1380470	1	4965577	0.0814743441944	0.507863173913
rs9662885	1	4966065	0.114628172361	1.00714293115
rs10915310	1	4968070	-0.114126389936	0.464738919882
rs10915311	1	4968815	-0.144853559416	0.486568928518
rs12047764	1	4977412	0.170393510315	0.00108485045514
rs10915315	1	4978209	0.0792472777617	-0.0547777021943
rs2334259	1	4981880	0.0873541742928	0.501840943295
rs1459765	1	4987922	0.206120177749	0.452398408306
rs2169089	1	4988477	0.109838382551	1.00538605688
rs720318	1	4988854	-0.0342153086798	0.998250560249
rs9439507	1	4990857	0.172142359504	0.00831076903459
rs1459761	1	5000551	-0.0638326892896	0.0179990760985
rs4949162	1	5000743	0.148971404328	-0.00719790593757
rs1459760	1	5003897	0.046006135025	0.493869999053
rs10799157	1	5013771	-0.0220064623796	1.00801962441
rs10915329	1	5013962	0.0832409006322	1.02148013183
rs10915330	1	5017275	-0.154293611536	-0.0391153677869
rs1563792	1	5024719	0.41465305684	0.531008246983
rs11590026	1	5040086	-0.203904058869	0.988103375256
rs3128689	1	5041500	-0.018315436767	0.0062296640449
rs6680801	1	5044926	-0.0378439550012	0.995786001909
rs2290849	1	5051105	-0.247162550393	0.509846981394
rs3101225	1	5056105	0.0162286686846	0.530353665969
rs2242157	1	5060522	0.220637099694	0.00275971548207
rs1459766	1	5060591	0.0135409848481	0.550419356748
rs2169090	1	5064284	0.063864134745	0.49251001514
rs10733013	1	5068523	0.0134822222581	-0.020493659907
rs2722784	1	5069164	-0.0108056263793	0.493208525423
rs7513590	1	5070572	0.031051610877	-0.00502690406152
rs10737396	1	5081475	0.0213189046783	1.00859929579
rs4313443	1	5083733	0.0617586645797	0.513460020877
rs2722793	1	5083937	0.0629739440105	0.0139207289914
rs6674378	1	5086107	0.0471538591085	0.0350131924557
rs17374719	1	5089502	0.365593604202	0.511257381338
rs16840020	1	5094064	-0.241912059258	0.511891720064
rs12409689	1	5095111	0.0123432288459	-0.00752793734566
rs10492925	1	5095231	-0.243117644184	0.482290259842
rs9439506	1	5096599	-0.190045269021	1.00147587739
rs12087805	1	5099788	-0.298933062044	0.974961590877
rs6681148	1	5100369	-0.272948815486	0.997538172694
rs12743573	1	5104024	-0.243920379513	0.523666843089
rs12121369	1	5109984	-0.0782135149463	1.01129372331
rs10753353	1	5110994	0.0221601111467	1.03293592701
rs10799174	1	5117504	-0.0532913243258	0.479271439097
rs9439511	1	5118461	-0.0481734863545	-0.0270347804542
rs4512698	1	5125012	0.054620980828	0.981661573644
rs12026977	1	5131030	0.00272461357928	0.01917347446
rs4394703	1	5131752	-0.00950284348213	0.531885629802
rs9286977	1	5133144	-0.138912750111	0.971160822287
rs6698702	1	5135970	-0.00466453367016	0.962374405332
rs7547229	1	5140071	0.168980766726	0.974573343994
rs4641339	1	5143708	0.16186514532	1.03342891288
rs17366838	1	5146486	0.150912154877	0.363044157474
rs6669501	1	5146701	0.315550590766	1.00091022632
rs10492930	1	5146942	0.320979851638	-0.0271791575894
rs10492931	1	5147215	0.730874577168	1.01683247447
rs17375504	1	5151429	0.396377420646	0.984861424503
rs7536712	1	5153524	0.785554895117	-0.0195622350942
rs7528871	1	5158955	0.567428377831	0.295172083351
rs2679218	1	5162761	0.217541982336	0.32527332706
rs10915379	1	5169100	0.600415085553	0.247338665605
rs12140099	1	5170137	0.435392844256	0.976368475286
rs2883104	1	5177299	0.273014327208	0.956647232486
rs16840183	1	5180362	0.328023710527	-0.0349547193052
rs7549461	1	5180977	0.0878910645282	0.388953906806
rs938962	1	5183802	0.356501822683	-0.0278723384405
rs12067876	1	5185143	0.132326025017	1.00264393277
rs4259664	1	5186968	0.644465112984	-0.00538469965329
rs677735	1	5195036	0.381556302793	1.00640591997
rs2353169	1	5196704	0.25907182066	0.389101638518
rs473104	1	5197705	0.759497913556	0.988138897312
rs12026938	1	5198350	0.657965873579	1.02245119712
rs551536	1	5198919	0.614193051374	0.955124865907
rs480807	1	5203231	0.0341056388093	-0.0280815731417
rs673451	1	5205224	0.374691450081	1.00973844944
rs12125074	1	5206700	0.471475575259	0.272268630751
rs521430	1	5206936	0.608818138986	1.02892955579
rs640254	1	5208405	0.311658304409	-0.00605686997755
rs7534404	1	5209115	0.327056591497	1.00158531683
rs12135834	1	5209527	0.418045647076	0.999932171529
rs4465222	1	5210118	0.164494585641	0.98053644726
rs4475768	1	5212025	0.226096964878	0.00329990434141
rs670971	1	5212168	0.228392226667	1.02709765693
rs494046	1	5212226	0.56434338331	0.693691686025
rs6703948	1	5213305	0.743998252432	0.649955018559
rs12091281	1	5214597	0.441929973357	1.01135690995
rs632798	1	5220394	0.612627824673	0.981556131235
rs630153	1	5220999	0.0552705001401	0.974454914796
rs499416	1	5224091	0.0373613405677	0.361121390541
rs682425	1	5230617	0.460846115743	0.674338040839
rs11808981	1	5233200	0.542929253598	0.0323318973611
rs11800907	1	5233244	0.454413800731	0.998283081652
rs12747870	1	5234751	0.680682796979	0.957232634599
rs4847576	1	5235459	0.468472918826	-0.00929458619685
rs490606	1	5237704	0.373429784247	1.01478167069
rs10492935	1	5241092	0.173957903752	0.0122228971061
rs17423547	1	5241324	0.21727209302	0.381700299024
rs12141954	1	5242155	0.551715420091	0.697668815033
rs604664	1	5242892	0.101554640439	0.545044561862
rs10915403	1	5243416	0.362909007667	0.988817486637
rs557477	1	5246334	0.60428091372	1.02468754315
rs4417082	1	5248130	0.344279648064	0.586573480813
rs10915406	1	5249476	0.477443928683	0.275728166062
rs10753360	1	5253754	0.531153048956	0.728610814027
rs932789	1	5254224	0.237407199751	1.01027149045
rs912988	1	5254704	0.329302446626	0.377111671214
rs912991	1	5258244	0.48123088347	0.328979707616
rs11579000	1	5262205	0.526466589655	0.0295281778373
rs4847571	1	5269922	0.105386380752	1.0216600297
rs12040942	1	5271019	0.657354426483	0.980387383392
rs2148210	1	5278276	0.405914648884	0.637829347586
rs4847569	1	5279484	0.678832993131	0.266578345884
rs1570964	1	5284018	0.140671529326	1.00951517304
rs11576325	1	5290332	0.404665721992	0.99097074455
rs9439570	1	5295270	0.326907643852	0.690880650649
rs1326005	1	5303445	0.239842696775	0.998590933563
rs12738923	1	5315744	-0.0524597939486	0.738924858708
rs7525683	1	5321657	0.190583072924	0.0119328102218
rs6681674	1	5324234	0.593717688951	0.0214126762925
rs11583605	1	5324969	0.34107788115	0.970102771109
rs11801594	1	5325970	0.665802851086	0.641930562095
rs7368252	1	5386919	0.219485056398	0.695489609726
rs11586280	1	5389324	0.400798458789	-0.00971553454302
rs7418357	1	5394104	0.766512693866	0.713970247426
rs3924260	1	5402448	0.175173132442	0.346707602587
rs11260657	1	5404973	0.439727639327	0.569139132007
rs3922826	1	5407764	0.432318308586	0.0253068774104
rs12735700	1	5412454	0.357149167475	0.73150268138
rs7415936	1	5414088	0.296937250645	1.00719314144
rs10907211	1	5414630	0.232619077278	0.754674534704
rs10907214	1	5427140	-0.0345910964308	-0.017378463601
rs7513309	1	5434580	0.395700117388	0.00930375291484
rs11260694	1	5436781	0.269773197629	0.324451668368
rs11260696	1	5444641	0.623486983277	0.0362989817535
rs7536506	1	5451104	0.48153415159	1.00491716427
rs7414864	1	5456913	0.69336047389	0.997022105282
rs1004125	1	5463394	0.532955880475	0.319203861563
rs2012852	1	5463792	0.170791122299	0.00199142344291
rs10796404	1	5465256	0.346931723797	1.00114923673
rs17345621	1	5467983	0.775025237938	-0.0287413929002
rs9729637	1	5468039	0.609284628878	1.01924457081
rs9786944	1	5471099	0.637191796608	0.253633741442
rs11260698	1	5472112	0.668164853777	-0.0130226796618
rs12120052	1	5473820	-0.00400328451709	0.975532438901
rs10907219	1	5476057	0.331855204866	1.01020737627
rs2071956	1	5478006	0.330726544861	0.992828624359
rs2071959	1	5478654	0.543776709221	0.98199668625
rs1573738	1	5483816	0.46653878479	-0.00486265071554
rs9661310	1	5483999	0.474718668647	0.233141816393
rs17028129	1	5484695	-0.208650130851	-0.00424404979769
rs916374	1	5487704	0.439882134845	-0.0218479195239
rs12027231	1	5488881	0.736853496817	1.02651188469
rs12128558	1	5492078	0.543402458844	1.00194438807
rs9729649	1	5494891	0.362537753275	0.588816918722
rs10796400	1	5502779	0.563073434676	-0.0199961100358
rs10737109	1	5515009	0.242181732442	0.00348469973897
rs2153900	1	5517324	0.363809426558	0.99325871252
rs1342691	1	5519656	0.224714694926	0.355272376544
rs7515958	1	5526437	0.205614932116	0.648848700647
rs1935762	1	5539417	0.287333608024	-0.0146871060395
rs2077442	1	5539660	0.421967605711	-0.00956522158612
rs11803192	1	5546270	0.188835513743	-0.0107172135339
rs6687987	1	5547116	0.420306521134	0.000129488541787
rs6679096	1	5548075	0.468058260168	-0.00788580442145
rs6673119	1	5548153	0.503841082019	0.00854934985211
rs12067065	1	5549873	0.610438363523	0.959643743888
rs4845835	1	5550499	0.787508729795	0.012248363414
rs7522344	1	5557903	0.484954310087	0.326622590543
rs1775403	1	5559319	0.293518853542	0.709311579877
rs1775421	1	5564169	0.113098155616	1.01106696781
rs1818038	1	5565098	0.324544428716	0.348536252091
rs10907200	1	5568589	0.303571390439	0.760913461775
rs1775416	1	5568851	-0.0145306422574	0.335234696658
rs4845807	1	5576131	0.514622138388	0.666745300065
rs10907201	1	5580854	0.235845341075	-0.00131593667021
rs12139270	1	5581006	0.0747442187863	0.994421397531
rs950601	1	5582174	0.338766036217	0.951452297438
rs707582	1	5594373	0.49847532183	0.0184097574012
rs770718	1	5597021	0.419407293069	1.00883534434
rs11260662	1	5597631	0.240865545072	0.692918490805
rs1775395	1	5600362	0.516051286897	0.358388096188
rs9439603	1	5602028	0.0156315129652	-0.0309875016024
rs9439587	1	5602395	0.414721970772	0.719321260717
rs10157819	1	5603159	0.450191746213	0.0094265998067
rs9439605	1	5603395	0.575919495719	1.03829789079
rs12143743	1	5606094	0.341637356584	0.99062700048
rs945322	1	5606888	0.323675827759	-0.00952833277756
rs12145625	1	5607375	0.200043797027	1.02028259866
rs4845793	1	5609502	0.131719086979	0.594803330234
rs17028422	1	5614374	0.554821661919	-0.0235366655659
rs1855786	1	5615315	0.618866660673	-0.00857747405571
rs12119911	1	5616797	0.835984289518	0.667308450533
rs17426695	1	5619012	0.260828530453	1.02800635622
rs6670965	1	5619264	0.143127243323	1.0069970444
rs10492947	1	5622062	0.251210241424	1.00874654031
rs6690868	1	5623910	0.24570919073	-0.00794032837026
rs17028491	1	5626139	0.637728050825	1.00948892164
rs971816	1	5629678	0.527329722237	0.966427103419
rs971814	1	5629749	0.159673952766	0.367532246477
rs1499395	1	5630525	0.176734624723	1.02050723812
rs709184	1	5632420	0.666904575206	1.03916790839
rs707590	1	5635418	-0.263628977953	-0.0269971335031
rs1763321	1	5640535	0.362120672769	0.975605044511
rs1763323	1	5641336	0.333731454748	0.211609348884
rs770720	1	5645852	0.568400964787	0.318325167643
rs12038771	1	5646230	0.494589766583	1.01835890051
rs707580	1	5647527	0.027793340866	0.04902833318
rs771071	1	5655060	0.219342085288	1.00908138466
rs1081454	1	5656600	0.291429726658	0.0147143994625
rs707593	1	5659269	0.0824050313762	1.00549622521
rs770701	1	5666096	0.42800334541	-0.0144106032082
rs770702	1	5667508	0.119115183259	0.713200935682
rs10492949	1	5667550	0.181597673356	-0.00186238779823
rs770706	1	5669960	0.561476159789	0.0097340623368
rs1278832	1	5671198	0.366061834797	-0.0245224273501
rs709188	1	5671670	0.185852578142	0.332368186051
rs2649071	1	5675937	0.148992206071	0.990663677076
rs7521197	1	5681359	0.859010113037	-0.0145409444827
rs770713	1	5683616	0.0923263129569	0.982356289334
rs796396	1	5687466	0.402180409447	0.0229407479047
rs770693	1	5687940	0.498967839978	0.366110715926
rs873982	1	5692852	0.395405436732	0.27378872219
rs904534	1	5700044	0.326895876149	0.990273649082
rs904532	1	5700507	0.371715859674	0.644492542797
rs2842262	1	5708159	0.22735190997	0.264799955252
rs2842258	1	5713085	0.31799664276	1.01808226565
rs2842257	1	5713242	0.519541847708	0.700653599619
rs2842256	1	5717165	0.122611593543	0.35500588478
rs2133496	1	5723491	0.129273669715	0.680515613853
rs4433399	1	5733711	0.763592229723	1.02394770125
rs17429690	1	5736722	0.449471498323	0.987281281778
rs12064304	1	5745956	0.524593701128	0.997214460631
rs12063117	1	5747986	0.674884724879	0.982911500697
rs12076190	1	5751626	0.476822005641	-0.0308515195784
rs4129514	1	5754188	0.362236497303	0.977092032415
rs9308476	1	5803053	0.468635337739	-0.0122157505015
rs1890191	1	5809727	0.405486931478	-0.00861217567275
rs1698976	1	5823382	0.306222030657	0.697238310738
rs11590577	1	5824610	0.375085246616	0.992316011907
rs525289	1	5825820	0.412880518598	-0.00542685469253
rs1624858	1	5827305	0.624804322332	-0.0121380836355
rs1765719	1	5828516	0.346149380257	0.0217581436169
rs506776	1	5828924	0.254926455425	1.0066529927
rs548726	1	5836208	0.281156635616	0.301030409598
rs11121600	1	5843629	0.2102096827	0.767709231245
rs12133533	1	5845421	0.771934550123	1.04678452081
rs11121648	1	5846375	0.711331381296	0.319979187079
rs1287635	1	5847333	0.392161547297	0.399427044987
rs1287634	1	5847958	0.478928694221	-0.0122137972032
rs489933	1	5848388	0.518915865062	-0.0146238549313
rs12737596	1	5848542	0.61277074385	0.0154212011002
rs868162	1	5856823	0.428031439035	1.00766349682
rs11586334	1	5880996	0.409126673746	-0.0564209974926
rs11122125	1	5887766	0.740480861409	0.0230179942615
rs6694744	1	5894042	0.602123196871	0.985602043696
rs7549324	1	5904631	0.60612850617	0.339344391101
rs7535806	1	5905701	0.210789351107	1.01158824762
rs2062784	1	5922716	0.318611332151	0.00171847585082
rs10492950	1	5929159	0.0945879171973	0.99745811769
rs551207	1	5930033	0.631152975581	-0.0223952532984
rs7555293	1	5937031	0.615950197049	0.692363295455
rs2011197	1	5942458	0.420332659449	-0.00899947268789
rs875574	1	5949754	0.122210171515	0.293098866166
rs2047811	1	5954440	0.433827873059	0.265696648047
rs11588889	1	5954531	0.482419230714	-0.00941341457956
rs10779685	1	5961841	0.190817244083	1.00488738907
rs806104	1	5965521	0.222505662911	0.330791385613
rs11120961	1	5966396	0.404436171024	-0.0251276382978
rs12142270	1	5968851	0.803997014801	1.01668231798
rs806111	1	5976217	0.497546367114	0.0174520657611
rs531099	1	5986242	0.678456216205	0.0287784780606
rs546526	1	5993457	0.122349095532	0.731701763846
rs1295107	1	6001979	0.555383674739	0.720816919678
rs11121065	1	6010951	0.454848053324	1.00749691974
rs1295087	1	6022900	0.405527390397	0.633625363068
rs1295085	1	6030752	0.369030613261	0.982998495306
rs756096	1	6030964	0.395763595121	0.364232749404
rs3789553	1	6039758	0.481307690538	0.66460051273
rs6679367	1	6052422	0.0172926293985	0.621485969463
rs3789541	1	6063912	0.000949686044626	1.00697869136
rs2273042	1	6071709	0.278234345381	0.997560016786
rs3205229	1	6081149	0.748927266485	1.0251118751
rs3810993	1	6085170	0.456807284328	0.667169169112
rs2281303	1	6092940	0.444403648865	0.661187496448
rs12142108	1	6093575	0.69606774719	0.959139785797
rs1883767	1	6098076	0.219654415256	1.00716165046
rs2843493	1	6106679	0.473588117326	0.992376779187
rs6703057	1	6109673	0.662722632089	0.987861831081
rs9434661	1	6109725	0.156549369086	1.00458546654
rs9434662	1	6112802	0.0437397702454	0.278583527894
rs11121299	1	6116605	0.0640953556551	1.01339578726
rs2250358	1	6119456	0.483602689416	0.674627177427
rs2273032	1	6124832	0.663798166107	0.986791905655
rs17436816	1	6126748	0.62949592305	0.978922138211
rs9435102	1	6126853	0.416419252146	0.685954888121
rs11121328	1	6127429	-0.176140623843	0.686141027141
rs1883604	1	6135457	0.480315400594	1.0251448006
rs747393	1	6144562	0.292158067565	-0.024049335677
rs731975	1	6145088	-0.0527106198201	0.538321524913
rs4908529	1	6145470	-0.0629903793331	0.99514534346
rs11121407	1	6156160	-0.00117218892358	0.011532387109
rs11121449	1	6175030	0.015911797674	0.554686569764
rs2247392	1	6180734	0.169990857109	0.449265144372
rs1064721	1	6203964	0.0241958334548	0.975368395925
rs1802353	1	6207267	-0.00863262884768	0.997707103809
rs4908541	1	6214397	0.143469172468	0.0105154046845
rs6577565	1	6229842	-0.0311436918329	1.00840897969
rs4908872	1	6240656	0.259729071679	0.028532946608
rs4908874	1	6245523	-0.00288113276008	0.980048087204
rs3789512	1	6252602	0.162977548092	-0.0390441157609
rs3789504	1	6267721	-0.298093969475	0.96838595256
rs11121611	1	6289806	0.0528509264816	0.543779472398
rs4908877	1	6296061	-0.0334709862756	0.513680327215
rs6696861	1	6302194	0.30439152921	-0.0430215342796
rs7545051	1	6310371	-0.378418185433	1.05736555853
rs3789482	1	6319959	-0.11284988629	0.991312086856
rs4908881	1	6325607	0.19365390117	0.997639724966
rs3827718	1	6333611	0.161673394871	1.03251698032
rs722333	1	6333801	-0.0971663108265	0.0125207759922
rs7524775	1	6379059	0.0158693978224	0.00560421193311
rs4582826	1	6384117	0.0388818679308	0.509007304089
rs7529205	1	6395881	-0.0385053738959	0.015368068894
rs4908891	1	6404210	0.0551424713175	1.0110949322
rs2103673	1	6416986	0.118479521764	1.00573725466
rs3138158	1	6442899	0.161470687334	0.558531075126
rs3138156	1	6446017	0.0668803683981	-0.0083818719464
rs11800462	1	6447088	-0.202713837459	0.00766892334052
rs3007421	1	6452776	-0.0212466248293	0.517940053439
rs2986742	1	6472963	-0.25744083171	0.0330250373159
rs4908898	1	6482950	-0.15455491759	0.990006777866
rs737243	1	6486743	0.0154362163025	0.481383691847
rs4908554	1	6490974	-0.0943948754178	0.550584964961
rs3935435	1	6494762	-0.245775727739	0.496658423972
rs4243829	1	6500352	0.0068520758973	0.505050772485
rs4908556	1	6503483	-0.0916641776119	0.0417755698552
rs7540913	1	6504464	-0.0648443501367	0.495186249788
rs13513	1	6508391	0.203323665156	0.0307224485414
rs11122083	1	6516119	0.204164529234	1.0133273632
rs6679649	1	6529195	-0.0587032288008	0.987665636129
rs10746502	1	6529786	0.0777984607907	0.495044352012
rs10864625	1	6536817	0.252822407481	1.00586882311
rs4908563	1	6546086	-0.0551351903324	0.519930072039
rs12080675	1	6549202	-0.0203872180772	0.476998053258
rs12041318	1	6555538	-0.0333579523628	0.0110181181431
rs11122100	1	6560651	0.271544424812	0.0247521086959
rs4908932	1	6562434	0.197292630958	0.994487106719
rs201171	1	6573680	-0.21720541469	1.02491651828
rs1556036	1	6574315	-0.251039780426	0.441242764299
rs12028517	1	6584319	-0.0415122862652	1.01535894431
rs6674407	1	6585500	-0.0822629269043	0.50801356423
rs11583755	1	6595316	0.0910181569967	0.517679130515
rs2072948	1	6602435	0.0905795179692	0.450037853991
rs14057	1	6605827	0.205077021732	0.470991088099
rs742394	1	6612727	-0.128913537699	0.981999183617
rs200447	1	6624738	0.0672967955582	1.00459719286
rs200458	1	6627222	0.104634941357	0.475209093421
rs12137794	1	6628531	0.301465712273	0.978994406008
rs7549198	1	6632197	-0.285153729156	-0.0090799134294
rs17365584	1	6635359	-0.168531645868	1.00608155223
rs2235564	1	6635701	-0.063136655999	0.97604858001
rs200440	1	6635869	-0.0638021940522	-0.00952814346973
rs6577584	1	6637977	-0.190890288901	1.01135706954
rs2281190	1	6643577	-0.0722533501183	1.01381720962
